0,530,658,331,803,59,648,129,484,202,291,517,359,840,93,536,645,41,209,551,905,163,115,307,407,577,381,354,549,169,244,426,855,540,310,401,87,383,675,323,352,817,184,74,612,512,532,714,453,438,771,518,623,777,581,472,602,406,619,604,87,688,445,579,624,419,491,463,687,471,435,161,607,877,271,366,547,404,603,286,785,231,848,387,424,344,764,643,624,107,394,129,238,489,558,410,695,790,398,404,572,382,440,326,840,528,799,446,412,672,770,186,508,301,409,658,711,468,334,202,301,588,436,488,552,397,541,500,395,733,512,726,472,400,463,557,714,452,881,625,627,684,812,122,450,696,679,162,765,394,77,360,179,506,500,431,245,322,520,609,232,616,395,573,721,657,638,897,584,119,245,743,425,616,281,898,588,441,936,132,894,386,673,237,460,204,535,523,409,348,266,535,604,864,804,956,524,442,100,64,206,520,34,312,417,595,675,636,218,378,452,615,495,327,85,594,677,500,345,699,422,304,223,503,568,267,408,243,498,589,599,559,746,472,354,108,556,858,328,669,514,550,511,528,487,658,71,900,357,460,433,531,286,572,684,894,713,342,484,379,456,485,407,284,764,635,169,547,504,211,935,480,257,564,561,899,589,735,215,317,606,343,607,251,514,543,273,642,198,187,384,527,643,412,421,882,540,850,700,642
530,0,607,537,618,712,351,325,277,397,626,261,144,449,962,459,655,757,793,257,348,383,860,509,462,552,419,410,568,430,236,279,554,509,108,798,216,787,415,855,429,772,702,255,498,929,413,439,657,780,247,505,72,550,693,709,921,590,794,735,474,355,529,411,642,269,633,343,575,727,677,126,730,558,131,767,236,512,863,393,297,330,707,657,520,336,475,685,315,332,766,218,750,283,43,981,287,595,481,664,863,268,552,460,359,541,711,449,897,200,505,153,525,244,189,260,94,522,718,472,405,737,719,683,233,322,625,325,421,278,712,503,528,289,430,379,612,454,370,317,683,636,137,119,464,723,571,521,870,169,812,492,404,302,103,568,383,385,579,454,434,626,70,768,612,440,489,450,720,968,152,679,868,446,310,58,499,219,219,665,540,349,502,715,626,879,741,192,374,641,832,799,276,161,754,701,542,341,305,496,586,847,377,602,400,427,533,288,586,583,398,306,216,713,564,632,196,569,361,437,333,587,599,461,397,484,337,238,755,198,557,627,402,831,551,611,667,560,318,225,260,822,315,390,696,283,245,430,779,386,755,628,79,756,503,383,662,530,957,423,705,591,486,829,438,771,602,200,770,897,244,511,54,844,845,516,478,504,323,266,387,386,250,715,678,603,549,253,581,845,607,237,742,183,388,751,487,414,499,624
658,607,0,561,288,770,421,294,340,400,387,573,773,316,684,687,393,816,474,463,436,534,367,241,245,286,490,359,457,256,782,613,171,618,483,316,559,807,301,23,134,611,237,324,246,671,452,844,137,470,432,818,169,310,430,723,417,602,482,535,487,584,178,453,497,356,310,392,526,520,753,152,503,453,366,314,562,543,370,549,185,484,469,384,294,363,371,357,596,581,225,288,499,269,428,337,464,363,579,631,401,585,355,241,875,441,362,634,451,609,157,479,126,199,691,581,795,277,452,509,583,722,349,624,895,697,610,440,803,577,430,568,545,582,194,290,368,589,593,520,208,439,773,724,590,56,536,675,481,600,602,883,661,472,488,385,858,411,487,339,241,600,258,716,891,641,703,675,361,790,312,352,509,281,268,573,760,185,619,700,370,461,401,246,692,377,779,834,158,82,167,554,665,889,81,477,172,809,724,467,413,883,317,416,768,291,273,436,109,527,790,332,571,818,564,63,764,364,292,648,645,701,335,209,451,230,776,411,519,478,577,368,208,858,171,686,752,353,690,433,320,625,668,691,878,500,677,198,810,428,445,693,274,419,891,389,237,388,708,530,264,785,460,442,550,593,801,236,425,362,513,905,737,781,578,428,741,650,587,563,221,540,375,622,811,959,403,319,591,259,328,618,528,819,240,444,915,454,212,729
331,537,561,0,535,838,441,456,340,531,710,302,438,611,666,876,675,660,340,452,750,436,669,694,745,677,448,671,328,527,321,553,548,791,433,721,275,657,628,461,572,595,296,952,500,589,468,466,382,385,572,762,847,56,451,675,871,484,543,353,720,848,805,637,203,374,562,615,473,336,590,187,560,656,388,304,237,691,308,340,558,315,400,746,589,306,596,399,276,591,273,414,721,361,445,218,412,367,262,908,576,503,470,485,145,175,456,516,752,15,660,56,84,839,546,441,95,576,769,566,508,637,40,45,607,470,505,491,397,241,206,534,697,599,515,283,972,818,326,403,431,475,57,729,683,484,454,324,625,343,490,504,228,394,368,152,627,495,231,646,755,242,465,253,457,707,468,613,182,482,515,319,565,191,646,523,168,407,482,568,758,587,448,623,511,108,485,801,525,613,497,563,653,631,270,813,273,515,572,687,634,659,678,810,819,790,258,340,305,401,498,683,347,911,571,532,354,160,244,601,546,486,436,505,622,569,605,655,810,598,568,517,320,325,426,668,580,456,635,447,931,896,512,595,549,579,804,242,125,177,509,827,348,565,522,524,671,522,254,322,672,473,605,270,789,456,178,435,554,129,930,486,491,816,444,409,386,703,301,686,702,556,862,370,204,393,368,682,593,499,340,289,643,316,525,409,198,451,781,251
803,618,288,535,0,371,260,306,619,339,385,439,451,475,231,616,539,679,607,707,649,558,674,616,830,149,717,96,447,471,526,303,564,928,157,107,512,828,492,143,525,291,592,456,163,485,546,527,717,631,429,480,309,250,82,531,673,591,425,449,505,74,504,354,721,531,464,605,584,727,780,575,425,449,615,261,633,758,380,494,400,464,663,877,399,435,482,725,865,505,495,545,802,271,556,199,565,528,444,339,646,299,214,611,446,860,385,654,373,313,836,428,349,711,228,642,529,476,427,851,35,537,421,471,609,595,829,248,662,256,510,306,282,507,625,698,459,725,369,487,433,466,120,474,490,353,398,560,664,582,414,320,388,418,779,545,834,641,666,744,333,190,574,410,615,432,86,778,637,757,306,277,405,635,902,338,855,534,639,370,785,749,669,462,577,160,624,613,615,389,754,770,444,124,643,528,187,207,688,727,850,422,697,233,346,576,127,268,333,136,382,556,482,544,105,571,365,497,542,183,616,644,787,496,441,813,214,559,449,563,485,668,879,888,918,560,197,712,305,846,463,449,366,461,375,611,615,458,521,691,247,487,573,429,469,724,683,775,528,509,329,226,606,224,515,355,749,284,935,685,497,647,958,622,170,563,341,156,523,868,356,920,723,743,716,340,357,561,531,336,713,360,692,599,330,209,355,388,943,439
59,712,770,838,371,0,693,442,375,532,683,303,570,789,321,504,582,883,760,905,439,691,651,383,805,592,891,501,446,334,597,643,458,520,619,463,627,488,740,820,528,878,301,680,348,779,626,336,181,796,858,590,472,487,402,441,743,401,565,836,747,345,958,604,453,838,811,524,354,410,634,474,30,482,523,314,462,627,550,538,289,563,133,504,556,509,152,816,534,527,281,64,768,394,384,714,121,305,841,651,845,762,688,316,163,378,491,546,785,376,493,281,299,425,462,533,622,369,124,285,795,404,300,482,597,460,774,387,481,231,754,226,442,544,606,759,407,93,499,952,501,629,520,833,503,779,406,376,505,339,683,145,241,210,67,853,473,200,126,569,531,792,460,538,572,407,286,322,800,667,499,373,371,577,612,199,362,313,431,393,546,536,400,917,366,473,598,698,309,680,633,247,439,678,664,759,711,646,391,144,153,667,417,294,656,541,590,248,530,650,709,515,700,150,419,405,498,640,351,658,344,276,665,276,860,537,567,538,679,590,502,557,236,488,558,349,541,705,287,809,227,575,687,272,351,957,657,437,393,359,546,869,386,223,518,569,401,694,472,532,385,743,942,572,386,565,650,154,511,453,243,379,640,465,353,593,630,271,527,521,300,360,495,883,317,482,628,557,572,421,756,525,259,481,491,399,419,503,280,714
648,351,421,441,260,693,0,342,502,585,641,285,384,483,186,687,417,616,643,613,365,433,423,435,246,512,410,779,270,372,511,405,820,225,152,254,617,305,153,254,887,322,257,237,695,280,500,595,317,400,47,680,589,485,438,595,323,498,255,518,288,848,325,665,700,232,852,624,327,530,357,109,384,661,809,521,209,736,820,303,404,714,693,382,414,286,537,451,370,316,512,476,568,413,271,357,600,465,453,336,432,571,402,662,272,476,791,510,917,376,341,306,558,754,721,402,578,321,582,603,514,326,552,535,686,779,703,523,297,704,330,366,372,220,319,260,413,383,402,273,277,412,564,592,251,688,748,316,437,503,107,471,672,362,521,421,23,724,433,240,655,422,703,484,371,727,151,239,574,398,134,248,386,559,582,698,412,743,940,316,754,451,361,312,772,657,177,561,190,356,970,706,675,336,395,778,503,732,322,794,661,105,506,624,864,637,554,515,483,450,300,465,533,875,608,254,474,81,795,732,549,261,564,310,747,395,806,742,228,702,239,518,414,707,370,799,276,645,650,347,193,507,379,736,704,406,664,571,644,453,678,880,518,794,731,258,897,416,438,569,831,413,427,378,242,218,133,254,399,901,779,335,298,420,449,526,425,374,530,393,813,588,468,391,366,873,364,662,211,557,515,224,427,335,786,459,260,766,218,178
129,325,294,456,306,442,342,0,518,834,434,566,593,184,373,55,682,590,527,666,442,708,315,362,406,869,521,855,507,288,444,542,384,337,416,376,445,719,850,482,575,298,254,766,242,172,509,713,262,546,382,445,827,806,957,157,361,440,719,557,242,123,521,688,705,711,532,555,680,726,571,742,471,185,696,464,516,721,406,329,623,456,201,189,252,911,335,435,832,691,575,468,563,98,427,464,531,639,680,623,643,684,827,436,606,401,592,929,790,521,718,643,678,577,481,391,667,265,512,671,636,605,613,763,236,656,674,617,307,478,496,407,491,384,117,593,644,497,24,542,602,150,681,543,201,513,730,843,777,236,625,398,545,207,486,395,797,350,384,763,486,376,519,326,783,650,652,639,808,343,607,493,65,312,775,472,630,296,684,294,295,598,682,404,404,572,491,367,484,620,751,241,560,490,610,276,632,778,173,614,95,269,505,224,682,237,747,301,583,294,43,251,661,515,752,693,651,660,48,497,798,862,282,301,341,509,414,259,882,731,808,532,442,233,481,757,472,321,483,414,625,482,613,622,492,736,277,381,392,49,467,560,854,223,451,403,468,534,390,950,478,269,526,702,520,149,834,474,811,747,811,434,261,221,411,204,559,223,437,82,542,510,673,790,422,626,330,945,646,409,331,488,313,417,490,581,570,299,623,512
484,277,340,340,619,375,502,518,0,728,233,929,366,411,363,466,311,709,635,591,307,796,506,583,319,660,537,759,441,556,98,477,756,832,502,214,875,158,874,451,473,489,448,850,482,522,297,241,485,78,440,720,519,552,641,413,853,183,615,236,586,551,620,457,265,529,489,459,593,69,790,449,736,256,624,630,35,267,508,465,335,496,681,359,566,400,567,331,737,344,515,670,428,694,603,186,414,545,871,495,644,436,621,506,547,297,345,283,568,540,677,959,708,485,397,721,386,789,743,612,103,513,709,769,224,248,571,365,540,506,812,331,570,648,358,380,276,498,384,420,568,262,669,779,280,170,233,732,152,593,418,251,670,394,604,515,510,672,539,440,286,791,513,381,365,278,266,603,613,484,514,638,676,782,261,419,427,781,462,164,882,188,568,457,229,380,573,445,634,799,755,775,558,249,538,743,165,383,248,881,591,243,535,494,294,226,434,439,767,677,731,87,216,708,437,829,377,421,774,208,545,183,200,390,213,693,476,544,198,645,275,373,677,520,526,101,159,509,450,225,32,698,671,465,601,352,528,557,485,353,625,821,442,593,566,175,551,697,548,470,887,608,413,478,611,770,469,221,217,970,616,370,592,834,170,706,460,375,657,411,257,508,736,515,294,496,457,811,704,535,698,275,689,414,863,316,487,867,333,354
202,397,400,531,339,532,585,834,728,0,593,382,482,414,599,856,147,23,146,338,262,178,420,890,450,393,423,346,481,524,398,191,413,719,818,807,409,175,349,876,668,750,357,696,576,327,348,102,822,838,568,411,501,196,613,497,591,549,418,567,294,240,530,364,457,842,417,206,714,383,638,595,415,907,243,570,413,477,486,235,313,493,484,563,286,785,155,725,577,565,561,758,109,521,513,492,455,343,352,196,510,597,661,627,218,427,670,390,401,901,128,542,668,834,347,347,668,231,297,334,575,500,682,355,664,577,923,680,482,377,87,482,586,863,520,383,564,454,215,190,761,253,347,490,511,519,516,628,191,140,770,663,175,427,573,429,447,85,364,620,401,354,569,459,693,844,852,503,538,518,433,835,423,416,68,427,588,597,546,583,445,207,822,530,339,440,625,298,450,705,282,541,323,848,827,731,163,307,492,472,844,380,127,673,400,599,804,148,488,381,418,832,418,182,623,537,502,521,366,565,548,426,409,536,299,404,391,279,462,414,538,506,745,626,549,561,448,48,486,565,698,252,684,432,570,353,455,814,161,445,588,153,289,771,424,803,564,685,313,186,303,696,539,433,561,803,755,318,540,473,448,183,686,563,492,511,591,368,538,451,519,373,561,496,640,656,867,638,647,393,665,292,531,633,751,665,350,513,535,642
291,626,387,710,385,683,641,434,233,593,0,371,561,167,414,279,677,840,842,592,829,626,527,545,533,327,168,160,575,600,493,723,648,482,507,429,699,678,580,879,720,467,623,306,318,50,116,453,559,173,70,272,360,817,712,405,783,812,234,487,409,372,786,552,243,790,406,289,438,721,842,305,329,600,250,142,647,683,167,211,449,500,613,660,720,322,286,463,831,641,276,468,496,767,464,772,444,355,377,423,222,373,682,701,362,885,893,385,344,663,673,590,651,310,447,570,486,662,327,712,555,352,287,641,486,637,379,335,177,636,604,531,248,620,499,669,302,575,552,305,387,404,812,700,385,516,631,366,144,621,541,754,481,539,542,388,674,714,275,250,807,359,192,204,202,700,275,189,362,274,629,700,369,337,227,628,869,409,584,112,184,264,437,943,690,454,674,737,540,296,265,515,303,647,229,616,716,573,663,499,468,687,251,515,466,441,517,134,517,260,867,726,698,424,519,417,486,737,628,925,827,416,537,613,176,859,659,639,453,899,809,145,347,508,213,684,196,719,726,191,165,540,591,404,758,505,290,371,192,182,812,423,705,314,693,591,363,73,408,554,718,496,767,397,771,633,169,209,417,513,540,224,117,447,275,885,662,597,564,500,787,500,803,500,752,415,235,812,132,658,509,662,415,505,527,26,309,370,759,389
517,261,573,302,439,303,285,566,929,382,371,0,462,527,436,926,378,827,732,453,333,585,602,576,476,533,341,391,574,645,391,751,439,261,969,497,641,655,616,706,947,230,315,340,532,197,774,668,285,623,504,575,432,427,433,447,376,692,589,205,816,555,161,836,378,295,354,229,457,640,166,341,330,798,691,808,440,163,223,608,676,132,79,585,463,404,493,657,251,743,806,557,569,577,631,285,594,510,902,658,959,625,190,700,576,633,769,479,787,125,584,611,281,427,829,441,138,842,292,139,407,674,365,503,621,243,396,603,513,794,444,231,584,587,438,472,488,209,497,514,301,210,398,153,67,258,571,617,130,326,487,849,781,574,477,490,466,861,727,575,454,583,291,729,679,610,134,614,782,349,545,406,360,315,703,798,172,164,658,581,644,397,505,739,150,494,782,718,448,505,563,414,64,459,635,422,501,761,716,580,347,781,665,568,624,493,671,624,678,627,462,108,572,899,781,627,716,465,425,495,298,686,829,785,484,430,585,506,432,363,458,546,306,275,768,581,804,565,634,235,432,594,778,570,225,781,524,782,189,49,399,376,189,414,441,329,621,210,591,319,275,512,762,329,549,534,740,493,594,702,194,455,787,260,781,506,175,663,463,898,626,538,513,661,487,104,616,380,453,344,145,445,388,222,677,407,177,536,837,445
359,144,773,438,451,570,384,593,366,482,561,462,0,168,714,87,375,665,610,410,710,246,443,693,463,153,317,616,620,734,811,907,466,448,356,453,67,261,888,95,527,231,148,840,713,762,189,477,819,414,138,520,342,247,76,785,577,645,246,670,585,507,933,384,482,563,406,477,471,363,175,826,568,256,174,486,374,689,759,548,444,663,832,768,797,290,288,332,483,639,380,538,549,85,393,287,360,523,899,802,420,510,559,438,454,420,531,293,834,381,474,295,268,697,692,695,908,797,726,881,343,298,391,341,398,685,663,639,622,349,318,738,229,203,445,573,905,940,821,739,553,374,621,297,499,433,824,836,486,550,201,333,390,782,392,684,352,278,310,671,364,417,469,88,443,575,845,605,46,586,695,338,525,133,751,557,601,654,172,640,290,214,188,915,502,871,650,736,473,390,573,819,424,635,604,537,401,449,472,588,276,258,362,467,401,302,824,330,776,604,721,718,513,557,720,399,471,431,752,189,459,409,846,53,644,453,154,856,826,831,109,618,713,354,786,572,638,501,482,892,35,87,172,494,747,306,746,614,510,626,273,307,171,493,425,324,434,493,392,60,483,487,510,759,595,909,371,339,502,473,581,141,297,242,294,285,517,209,587,505,580,579,528,598,577,587,501,153,846,955,256,806,224,384,730,644,637,382,391,594
840,449,316,611,475,789,483,184,411,414,167,527,168,0,206,147,876,326,595,416,107,334,802,538,832,308,476,450,425,767,457,664,833,532,731,220,913,239,525,308,455,499,603,674,542,542,317,807,474,593,460,830,725,103,390,759,751,500,732,473,87,725,440,747,372,346,153,459,144,422,702,599,503,371,529,502,408,448,155,236,264,149,443,565,333,661,97,736,693,633,108,683,117,359,400,733,175,606,696,720,376,370,604,806,249,307,758,763,851,157,511,847,672,703,376,310,570,503,634,245,831,631,743,372,464,597,498,604,376,380,614,544,521,457,169,379,759,378,259,551,561,537,513,481,540,575,94,324,374,225,884,838,681,378,414,432,576,436,785,817,311,776,478,815,569,270,604,758,579,175,663,145,548,705,755,530,165,707,827,638,359,159,544,287,560,521,668,803,428,244,604,511,395,467,526,493,480,245,694,307,377,885,596,534,438,444,395,394,683,111,663,813,923,498,758,386,441,239,730,528,320,686,314,478,491,878,581,899,449,780,262,720,448,162,621,493,884,505,621,294,579,847,126,391,795,313,354,445,780,301,840,463,237,376,817,740,780,882,493,300,278,662,404,475,214,837,826,583,386,559,468,372,479,541,326,595,795,344,175,616,428,201,282,552,357,753,939,346,608,569,956,963,481,349,699,645,804,963,737,276
93,962,684,666,231,321,186,373,363,599,414,436,714,206,0,558,530,668,362,572,463,684,689,683,730,436,526,514,129,67,616,618,790,338,199,583,318,725,394,482,57,238,261,287,505,423,504,496,220,141,437,463,397,491,259,888,434,137,289,478,769,417,424,497,682,723,358,432,882,699,669,205,595,313,676,736,676,334,361,410,423,779,482,870,363,649,337,608,381,539,917,236,295,735,388,923,97,372,385,837,578,568,286,148,555,465,713,863,757,140,474,689,707,75,583,665,441,841,378,306,110,398,485,435,582,338,580,682,309,476,828,411,263,392,112,584,685,830,659,779,601,638,931,452,867,784,86,274,592,665,804,457,444,375,288,434,651,617,479,523,569,426,488,315,247,555,275,367,661,440,396,474,571,521,536,723,568,678,908,843,550,350,619,546,436,267,306,607,738,888,523,208,507,162,462,748,511,481,804,473,445,538,574,824,362,50,487,390,659,332,535,398,406,508,226,392,644,407,555,397,777,470,635,247,589,816,582,702,466,324,426,157,583,641,355,349,330,213,230,533,713,380,194,112,803,78,462,524,132,710,686,496,60,279,686,487,480,208,961,403,753,380,136,776,551,440,369,644,604,769,878,497,381,258,381,419,824,300,406,943,195,480,571,602,495,499,719,499,613,55,518,881,747,866,565,679,629,234,668,572
536,459,687,876,616,504,687,55,466,856,279,926,87,147,558,0,843,562,506,598,296,571,554,581,556,417,898,203,291,886,359,207,502,765,324,520,463,760,259,738,33,674,476,409,362,781,783,409,885,338,836,737,879,524,863,445,255,474,413,271,505,467,285,608,147,442,575,644,386,383,469,123,634,481,483,810,851,307,208,546,553,581,479,474,78,570,362,441,523,405,453,672,630,523,295,559,683,563,499,204,745,547,347,500,450,614,613,423,113,643,547,783,644,337,188,499,488,627,260,733,541,440,512,384,131,528,248,404,394,377,508,597,405,558,634,462,479,626,396,239,532,905,542,317,814,955,640,612,225,637,387,437,727,730,736,387,122,295,748,539,500,627,614,828,571,615,418,816,265,425,917,554,864,426,528,479,500,536,476,724,86,253,444,615,664,799,473,444,470,522,605,375,715,575,395,778,730,760,620,781,180,660,634,559,648,298,816,327,299,735,455,663,623,453,216,563,400,527,519,711,152,501,211,825,698,717,312,506,337,289,774,845,127,263,728,892,644,44,500,835,651,589,487,668,401,675,545,185,151,397,255,137,886,512,770,690,451,456,138,705,216,717,457,519,562,226,427,437,368,522,129,450,498,317,605,235,389,711,663,321,553,581,468,635,880,192,224,527,750,743,474,350,637,785,575,695,801,781,501,736
645,655,393,675,539,582,417,682,311,147,677,378,375,876,530,843,0,496,550,658,696,368,823,139,378,595,439,408,751,283,806,973,646,141,806,666,342,705,757,603,596,587,571,833,452,887,548,714,740,770,445,349,341,627,555,267,322,299,363,734,305,559,530,210,264,469,537,189,614,630,523,673,518,581,174,369,396,609,520,969,253,801,274,439,595,143,691,441,449,701,672,406,381,586,526,93,201,521,655,940,349,152,293,514,418,751,520,492,593,243,217,724,562,270,131,558,470,111,913,220,382,662,498,72,598,525,505,96,545,308,598,842,429,435,418,429,507,486,495,482,174,597,390,216,795,700,503,335,623,888,633,397,368,605,431,792,545,816,529,707,563,836,559,329,479,320,719,602,411,390,599,245,751,412,602,708,735,349,441,767,278,632,514,454,862,522,754,440,583,57,839,508,892,433,553,435,650,382,618,729,461,605,405,487,495,348,338,334,818,429,299,381,610,613,107,305,668,459,687,767,660,799,237,582,243,557,547,586,601,494,935,367,318,511,350,227,688,429,9,381,464,322,580,430,329,343,679,517,746,633,827,548,168,412,573,682,496,529,237,451,233,461,527,388,605,836,538,389,536,331,32,714,344,621,354,688,429,497,932,759,256,247,737,555,330,613,530,509,371,337,103,690,660,285,255,301,218,644,630,636
41,757,816,660,679,883,616,590,709,23,840,827,665,326,668,562,496,0,438,578,871,290,54,853,370,338,189,576,638,325,465,554,292,495,703,618,862,813,573,373,399,252,528,413,343,483,278,393,355,190,305,405,330,764,675,484,542,866,600,524,373,324,553,318,257,918,601,652,329,872,848,365,547,822,520,735,486,231,186,550,100,561,592,760,705,39,647,459,198,580,540,626,510,331,875,309,500,407,734,212,605,439,606,180,504,908,601,142,341,700,608,466,751,401,715,287,630,893,903,599,582,552,215,550,799,860,675,616,614,879,839,451,160,342,498,266,657,721,514,502,588,597,276,702,543,520,695,354,230,708,651,269,545,319,460,331,484,746,349,831,541,776,843,759,710,744,168,469,358,527,833,485,286,463,812,541,404,686,450,481,231,379,634,253,629,213,489,541,630,602,264,289,454,695,190,242,397,116,451,514,68,582,750,741,393,588,585,758,597,552,84,614,632,635,466,369,189,520,579,259,517,583,350,617,536,680,402,396,521,372,249,598,756,654,218,917,351,242,452,483,248,556,216,424,238,518,686,239,361,269,429,634,769,870,856,568,501,522,344,626,160,666,742,670,779,757,854,357,544,538,732,110,538,395,404,836,979,360,545,580,425,610,586,641,385,682,600,612,942,443,402,301,314,358,846,692,108,436,720,261
209,793,474,340,607,760,643,527,635,146,842,732,610,595,362,506,550,438,0,961,399,521,189,686,195,463,503,867,607,429,489,378,633,856,285,681,168,729,185,480,768,563,327,530,473,600,470,744,675,253,554,790,430,567,834,747,494,800,390,374,220,621,587,311,427,602,403,371,230,181,178,78,782,421,462,896,675,629,420,454,555,455,713,470,665,275,527,178,438,184,397,497,447,370,529,547,591,254,599,264,414,609,514,787,456,164,675,647,405,236,900,412,500,145,538,438,786,239,535,452,763,415,675,679,295,546,442,614,370,311,463,452,547,602,632,262,268,359,468,552,223,502,739,752,679,545,152,254,455,433,978,703,539,211,911,466,468,368,959,124,330,435,546,515,616,520,568,575,675,353,435,523,420,458,283,643,743,622,775,852,844,340,275,107,555,381,523,279,684,297,715,658,264,601,507,741,724,670,461,506,254,430,929,600,505,646,290,563,643,557,425,478,221,563,188,381,280,572,570,203,507,629,202,750,955,455,597,514,457,593,742,819,466,558,647,233,491,243,816,711,72,494,149,372,674,706,867,78,53,679,285,207,549,250,523,334,584,856,360,806,853,481,322,465,438,325,605,821,666,458,697,573,505,212,662,24,786,483,292,491,455,731,317,917,64,514,617,448,590,916,565,510,300,679,267,568,733,471,89,373
551,257,463,452,707,905,613,666,591,338,592,453,410,416,572,598,658,578,961,0,480,552,821,179,926,645,440,966,666,417,352,291,582,526,585,640,740,113,677,255,291,280,853,792,593,638,669,548,544,588,218,520,24,304,511,385,152,590,694,96,351,871,492,633,658,643,809,545,356,322,572,733,688,621,781,510,723,173,692,479,506,443,299,418,514,354,255,523,422,337,770,251,660,438,219,408,490,829,811,341,702,252,348,401,226,472,517,179,698,490,520,405,830,802,71,847,279,500,594,159,772,215,212,515,415,5,251,887,403,831,473,499,446,603,822,506,258,719,503,541,776,258,635,499,787,259,947,283,581,36,481,732,205,414,527,525,372,261,237,918,652,729,408,143,236,570,650,416,562,398,139,817,768,863,441,649,290,390,523,532,421,201,404,514,795,474,289,350,605,387,362,595,382,494,419,590,456,438,932,498,582,848,664,448,75,833,558,592,660,422,598,567,557,174,479,588,305,323,348,440,501,379,103,929,812,104,328,853,367,490,446,568,745,698,136,799,745,510,327,717,620,592,507,423,528,803,344,141,540,667,612,348,343,812,800,218,561,70,321,800,237,93,394,704,209,362,320,279,401,538,189,327,563,219,484,373,370,695,369,345,840,244,343,345,97,414,587,679,382,466,496,387,404,835,667,206,620,384,634,382
905,348,436,750,649,439,365,442,307,262,829,333,710,107,463,296,696,871,399,480,0,643,684,352,528,672,389,528,771,678,471,772,698,261,395,372,618,205,654,667,620,304,602,487,539,526,264,499,209,396,386,381,918,224,461,491,202,678,727,702,323,833,549,593,393,520,534,788,371,324,833,523,834,466,505,565,545,486,512,633,643,603,289,464,702,618,521,94,65,648,709,343,558,543,956,385,209,251,434,243,319,545,731,508,232,681,446,539,979,234,726,886,619,194,152,763,345,230,788,334,473,491,552,448,159,390,593,578,645,784,497,333,291,921,364,633,572,428,268,290,287,550,425,279,431,215,853,423,649,480,297,459,719,400,429,388,111,355,451,589,488,769,107,308,473,492,557,945,351,575,480,893,411,784,809,769,462,766,295,235,558,330,586,674,202,240,489,610,662,802,622,536,94,353,307,372,483,858,605,479,902,64,655,858,472,486,726,281,593,374,449,288,462,738,978,450,633,104,234,755,596,500,577,462,891,367,588,200,371,550,872,462,282,376,962,154,514,669,634,721,946,322,434,802,516,472,602,591,595,772,439,508,690,559,525,416,162,100,687,388,193,460,428,518,584,652,623,535,292,573,199,605,657,331,562,626,674,562,473,61,77,721,571,741,859,531,383,631,276,570,289,173,430,416,353,287,721,427,689,313
163,383,534,436,558,691,433,708,796,178,626,585,246,334,684,571,368,290,521,552,643,0,630,449,751,949,406,505,120,466,744,276,238,674,73,582,316,553,363,601,401,617,133,459,52,558,710,775,275,392,362,555,330,701,191,34,571,884,771,629,576,153,454,755,542,580,251,879,702,667,640,209,364,197,263,606,645,332,461,762,35,716,633,326,389,613,27,511,496,747,789,752,537,266,451,486,909,868,895,551,296,713,475,115,515,317,519,366,730,545,488,666,507,733,536,562,254,538,509,161,524,672,239,345,734,802,755,400,195,616,630,423,504,310,131,586,735,291,405,139,433,401,766,848,242,729,483,546,520,579,416,312,178,823,589,736,363,337,542,267,440,774,654,593,460,463,673,807,652,625,894,602,396,449,523,44,589,528,477,517,371,417,631,580,443,962,16,533,102,433,579,578,192,126,198,618,285,789,395,898,184,267,206,484,814,353,428,728,368,672,131,146,492,823,408,873,769,416,506,451,772,492,487,932,260,533,777,725,402,98,487,92,486,497,849,206,411,752,883,352,618,34,407,274,665,473,947,712,275,379,421,293,346,300,593,296,338,542,492,235,495,738,687,714,356,84,582,797,156,400,467,384,313,478,421,502,913,513,615,350,364,307,412,446,546,262,634,189,349,458,736,488,185,503,151,337,287,307,822,804
115,860,367,669,674,651,423,315,506,420,527,602,443,802,689,554,823,54,189,821,684,630,0,703,515,722,282,627,529,489,614,571,428,459,354,272,705,275,506,143,653,399,612,588,611,800,632,346,525,314,504,462,464,306,382,476,336,396,784,224,989,529,527,591,428,391,474,655,602,357,114,683,751,705,624,745,318,561,450,527,338,585,921,445,191,425,70,684,772,211,680,427,868,713,354,664,712,503,606,522,371,845,429,741,194,761,481,271,649,706,867,449,272,231,400,944,16,328,290,924,688,480,664,981,297,860,551,652,711,706,431,510,205,560,489,778,134,576,634,447,216,390,281,484,584,85,485,760,263,493,632,370,305,112,728,292,401,400,793,553,128,530,675,388,330,189,821,491,361,658,273,395,59,621,462,778,529,516,125,516,397,279,580,604,882,56,372,487,484,676,485,493,554,512,586,367,598,282,624,721,558,321,500,419,323,809,454,307,436,78,595,560,268,413,224,580,581,480,611,299,456,558,386,633,344,527,228,290,443,354,271,462,701,224,652,461,552,141,193,320,675,630,518,454,260,577,441,248,363,843,365,414,547,323,725,430,536,409,853,327,362,503,130,588,430,335,648,431,506,446,432,623,546,239,184,647,847,408,296,520,434,745,381,275,729,496,370,205,509,434,493,691,531,420,631,808,83,376,511,390
307,509,241,694,616,383,435,362,583,890,545,576,693,538,683,581,139,853,686,179,352,449,703,0,416,842,766,835,334,710,457,522,848,636,396,337,283,247,669,560,968,414,723,886,322,576,620,753,247,745,685,320,454,607,349,191,284,693,815,331,335,645,468,403,400,358,539,487,231,229,213,613,362,464,829,373,269,360,349,152,799,684,438,226,159,736,296,562,214,576,158,564,428,779,234,346,787,430,887,387,582,246,906,196,537,529,249,666,405,529,393,935,653,731,610,465,722,565,585,753,711,327,296,199,602,749,683,539,429,115,416,812,633,454,502,287,71,316,454,333,737,694,766,608,348,972,551,944,554,422,741,947,489,249,455,294,484,608,588,580,582,519,469,861,190,122,543,536,423,208,327,812,243,814,347,173,539,714,498,333,597,429,672,603,602,671,173,334,360,748,516,398,551,805,378,734,107,480,131,723,849,165,144,49,484,434,39,687,223,244,694,628,621,809,848,429,670,173,786,769,607,419,363,434,129,468,444,840,719,881,898,646,627,397,586,717,566,178,474,328,389,205,600,345,574,328,585,411,279,825,152,173,495,455,856,483,499,960,670,428,267,515,461,140,480,348,978,838,560,915,672,263,402,252,461,445,826,365,438,193,573,362,523,427,563,398,234,898,704,349,241,466,280,421,927,203,835,339,314,581
407,462,245,745,830,805,246,406,319,450,533,476,463,832,730,556,378,370,195,926,528,751,515,416,0,159,760,701,756,784,374,271,659,763,799,377,218,789,664,698,698,123,183,362,501,874,256,449,639,507,448,752,932,586,363,543,290,763,556,647,439,816,415,576,563,535,600,679,280,311,676,303,698,545,501,386,596,313,788,718,315,401,284,127,694,371,333,441,82,787,786,230,770,510,716,732,181,674,274,675,602,435,477,394,545,335,658,557,491,478,654,444,674,764,707,177,376,484,545,834,162,546,536,162,671,339,277,851,530,397,545,384,312,390,268,381,386,472,158,598,614,317,286,649,526,634,520,686,642,328,162,502,331,215,225,563,504,464,639,435,404,427,532,583,952,451,417,236,457,538,882,519,462,538,225,471,231,634,757,509,659,264,95,489,873,34,738,253,411,419,470,388,263,385,461,560,394,695,355,350,453,437,508,692,579,703,560,559,930,171,345,640,798,679,150,757,38,608,739,850,348,558,440,394,628,291,798,778,691,118,770,289,292,403,727,757,619,580,164,328,251,363,475,825,382,691,787,277,515,650,213,319,568,498,369,324,887,874,603,338,517,173,649,315,603,319,233,679,900,197,588,721,691,909,740,474,656,390,648,532,299,197,632,334,258,615,369,688,785,666,498,255,455,644,395,669,451,646,456,352
577,552,286,677,149,592,512,869,660,393,327,533,153,308,436,417,595,338,463,645,672,949,722,842,159,0,292,462,618,556,761,307,303,342,565,242,422,459,525,277,197,185,401,319,395,315,503,61,537,485,670,423,742,695,206,419,631,257,695,526,614,462,689,391,687,448,481,613,305,282,498,472,294,189,540,685,560,356,182,473,490,554,833,668,459,350,901,480,285,140,511,511,370,181,741,167,690,475,633,414,543,582,257,421,690,471,551,204,558,760,259,562,584,336,399,563,543,813,764,575,545,431,431,695,847,694,706,698,664,457,235,446,730,224,677,549,630,540,610,429,495,458,724,589,875,795,244,686,427,900,496,602,819,711,92,485,554,586,342,444,293,525,501,287,684,454,294,620,664,417,416,443,577,735,508,625,304,652,400,691,440,258,375,384,650,666,261,299,659,288,510,564,587,508,479,381,532,289,205,799,493,373,553,677,572,564,911,432,907,518,330,150,553,437,662,134,594,284,439,259,416,730,118,396,470,545,521,472,568,416,320,135,871,668,138,581,504,555,621,609,322,180,612,285,774,634,373,455,647,414,389,428,450,406,867,392,891,842,472,362,503,567,78,733,302,543,454,725,158,312,702,450,93,952,675,455,729,698,354,83,621,692,475,620,302,223,536,238,511,256,207,644,373,370,720,656,407,381,464,516
381,419,490,448,717,891,410,521,537,423,168,341,317,476,526,898,439,189,503,440,389,406,282,766,760,292,0,99,766,522,535,382,451,398,724,537,409,522,599,104,444,892,827,426,415,603,551,372,587,764,433,491,686,607,299,763,619,431,643,587,144,819,398,703,380,267,447,335,350,571,321,792,591,465,168,77,305,547,438,462,858,534,894,549,379,727,790,935,473,563,349,390,191,797,862,510,505,839,744,560,220,376,328,895,481,157,324,266,118,680,400,184,554,596,69,979,351,164,430,538,762,282,601,475,437,538,510,489,850,716,400,526,216,542,448,523,482,786,459,795,506,256,352,652,819,836,738,416,32,588,415,358,322,639,284,577,817,768,543,92,573,764,253,273,52,469,410,688,627,582,324,462,480,618,460,448,347,578,603,622,336,628,609,797,749,383,355,315,626,905,185,562,728,766,875,481,475,507,292,465,549,237,488,615,251,426,506,256,431,631,363,176,477,608,598,644,568,630,553,511,525,856,638,603,630,532,647,609,392,762,636,849,201,481,571,734,810,151,449,381,749,724,647,835,553,121,247,491,860,363,291,264,713,237,778,505,354,466,533,96,633,624,426,310,203,367,433,463,309,772,500,814,505,459,584,814,759,757,580,645,432,562,752,542,162,304,372,580,235,895,748,455,64,479,717,254,195,829,586,679
354,410,359,671,96,501,779,855,759,346,160,391,616,450,514,203,408,576,867,966,528,505,627,835,701,462,99,0,376,631,554,424,219,917,550,571,427,437,648,638,537,575,363,701,214,467,742,336,432,735,684,596,641,369,651,95,730,642,879,780,899,535,310,158,773,962,765,45,361,205,547,23,706,434,232,835,729,388,537,722,499,434,192,379,435,530,201,452,504,547,621,587,371,654,815,583,399,586,447,653,730,495,233,394,474,246,651,816,828,295,363,437,334,375,547,672,580,653,355,520,930,556,591,555,389,792,336,285,694,740,791,504,316,410,566,502,456,645,239,600,511,593,220,120,215,548,500,551,525,489,532,540,241,565,301,387,499,474,702,604,871,403,429,228,777,497,174,651,319,415,616,848,364,801,626,338,213,400,673,495,783,428,710,595,285,407,602,705,750,607,199,479,389,797,575,497,123,481,770,604,622,472,602,128,552,254,625,948,833,295,352,171,844,284,442,474,861,341,691,471,595,353,860,629,595,817,394,715,760,629,387,477,315,543,565,662,765,444,322,507,151,329,552,250,503,565,441,568,398,442,596,720,416,316,516,523,371,463,513,517,437,761,736,397,397,670,463,404,651,464,655,789,648,599,756,95,641,514,702,261,332,512,376,467,372,207,454,116,252,351,441,204,405,203,679,444,740,249,425,134
549,568,457,328,447,446,270,507,441,481,575,574,620,425,129,291,751,638,607,666,771,120,529,334,756,618,766,376,0,626,704,258,349,785,575,353,359,517,434,487,170,308,744,994,800,770,198,450,757,565,196,949,680,493,746,792,937,479,212,465,392,403,513,407,476,127,558,523,626,663,622,376,654,244,818,649,376,459,222,371,601,410,780,600,271,277,675,493,497,416,684,530,612,267,670,911,377,342,563,484,217,752,560,425,506,252,899,614,604,405,236,491,516,907,649,479,575,350,239,205,751,652,579,592,400,389,333,147,329,264,752,469,237,585,469,649,345,370,272,224,435,469,161,807,929,493,539,448,408,222,744,812,323,558,671,729,306,427,261,435,259,396,463,587,179,746,559,293,474,360,696,352,604,796,637,240,736,357,311,695,568,362,228,401,277,230,439,768,450,479,355,334,583,834,350,165,388,693,784,716,723,533,85,316,306,631,311,435,481,715,706,885,564,390,706,824,420,458,561,956,279,288,842,529,682,433,321,772,612,657,685,319,918,115,297,661,413,598,753,472,772,625,837,774,460,431,664,737,448,535,497,663,168,604,461,599,580,166,317,661,381,761,840,465,562,516,391,534,309,826,338,517,561,672,510,552,536,369,251,543,571,717,201,551,259,119,601,327,429,361,375,210,648,102,461,318,369,670,424,357
169,430,256,527,471,334,372,288,556,524,600,645,734,767,67,886,283,325,429,417,678,466,489,710,784,556,522,631,626,0,679,741,474,271,385,441,632,710,516,695,578,501,661,137,487,430,634,90,545,836,578,662,356,606,700,284,531,591,709,898,167,499,672,388,602,383,229,863,863,507,174,172,789,867,626,595,425,545,304,383,356,509,375,239,376,512,689,293,573,762,758,635,548,425,255,463,203,599,80,731,492,63,634,534,363,552,685,533,630,517,529,340,477,569,296,678,310,480,540,660,437,326,564,762,219,570,609,391,792,480,392,554,538,352,713,432,709,248,359,840,278,386,151,171,367,303,366,141,164,690,868,468,609,705,393,649,745,711,545,147,515,621,235,557,79,734,626,377,626,917,209,668,880,458,533,263,632,704,279,494,650,632,309,585,451,170,488,613,787,223,379,267,510,823,492,631,571,229,376,382,336,728,860,500,660,357,720,642,629,262,591,153,419,848,677,667,781,636,680,228,142,302,419,609,293,869,854,510,445,900,244,447,76,825,354,28,665,357,573,426,612,709,563,550,584,771,309,595,205,580,674,531,533,506,194,299,774,602,407,707,309,185,433,278,622,505,464,418,800,448,419,606,425,465,827,853,633,660,402,508,304,611,355,530,408,460,807,655,81,142,657,509,437,585,625,167,245,461,535,329
244,236,782,321,526,597,511,444,98,398,493,391,811,457,616,359,806,465,489,352,471,744,614,457,374,761,535,554,704,679,0,484,613,775,578,433,390,322,357,110,611,893,821,200,455,381,764,297,518,269,538,246,690,772,334,423,806,267,254,342,423,610,637,722,498,393,393,464,849,404,846,566,412,524,442,525,321,524,147,900,228,220,353,214,275,441,516,523,424,605,471,188,777,463,123,486,298,549,619,701,534,444,631,286,314,409,577,509,435,474,863,381,246,410,103,632,114,200,740,29,347,422,278,417,385,289,205,597,397,860,672,175,426,843,686,342,718,123,509,890,324,144,249,541,312,527,495,330,988,256,608,875,387,557,808,212,229,297,676,270,286,521,689,815,311,666,600,617,345,736,466,780,749,493,414,375,713,586,192,730,638,552,821,406,684,317,214,628,387,462,336,202,610,380,273,492,535,345,248,460,272,505,519,443,685,154,385,475,446,671,518,569,693,430,846,383,530,470,473,323,363,405,229,705,460,572,241,650,336,452,959,842,145,751,503,432,364,540,713,330,542,543,899,538,192,593,685,469,628,60,392,305,352,509,537,254,245,331,395,484,186,672,342,409,927,395,504,822,591,464,283,594,546,271,702,363,463,672,308,325,686,646,726,76,205,793,325,434,590,153,354,210,103,566,490,592,391,568,460,169
426,279,613,553,303,643,405,542,477,191,723,751,907,664,618,207,973,554,378,291,772,276,571,522,271,307,382,424,258,741,484,0,781,788,290,784,528,403,490,343,299,991,532,577,466,569,814,530,602,809,521,737,52,694,656,313,488,567,280,402,456,659,902,592,239,821,491,412,165,773,885,539,910,590,578,716,562,664,724,549,361,434,735,109,588,623,441,317,926,522,748,284,443,550,675,573,359,527,507,715,436,445,869,434,407,489,712,774,94,629,625,563,454,361,576,719,484,250,438,262,761,523,370,222,664,531,178,627,223,156,179,797,445,671,658,166,93,604,159,206,265,638,794,432,596,678,503,763,726,338,177,316,491,544,641,469,146,380,571,812,35,136,337,933,383,293,266,567,644,251,733,364,454,131,460,531,343,536,659,291,910,268,798,726,258,364,162,93,268,252,666,355,592,565,422,379,567,552,409,368,666,593,135,480,862,692,580,425,267,503,578,452,558,211,598,230,294,635,558,466,441,590,793,568,379,541,159,350,508,665,565,374,184,415,306,37,584,213,551,557,345,707,542,356,244,296,359,734,833,443,240,187,161,568,453,693,672,690,882,363,668,701,272,648,322,776,642,910,375,273,500,803,414,746,579,494,665,496,288,433,426,907,606,423,342,395,649,870,263,850,479,475,418,553,860,269,197,417,729,197
855,554,171,548,564,458,820,384,756,413,648,439,466,833,790,502,646,292,633,582,698,238,428,848,659,303,451,219,349,474,613,781,0,371,765,204,818,754,450,163,461,319,903,322,745,76,559,784,408,296,476,461,477,416,555,131,138,935,164,717,414,876,669,333,737,764,337,532,31,434,771,291,443,251,437,746,233,476,515,448,522,943,766,392,266,691,639,752,335,702,608,502,329,677,447,697,376,712,459,401,366,539,88,507,317,831,810,474,853,474,697,420,597,197,427,337,521,794,390,361,553,372,676,738,533,564,619,359,467,549,454,371,817,526,616,751,483,560,781,621,423,459,395,874,528,901,199,864,660,852,577,376,540,902,706,446,582,436,608,882,598,404,308,427,506,764,895,535,521,262,687,263,536,664,324,701,313,563,711,369,457,467,536,415,460,268,554,711,689,801,574,848,282,170,523,468,318,439,367,322,319,440,600,957,589,305,320,110,641,209,203,585,277,694,638,694,458,457,266,475,372,812,896,636,708,577,668,511,439,499,942,438,267,304,594,503,340,926,921,337,817,652,672,491,461,266,306,268,549,333,693,657,404,799,370,64,604,306,422,591,220,706,492,506,353,480,364,634,386,536,472,603,498,132,165,718,651,937,571,729,567,486,590,616,441,192,473,399,363,224,486,354,457,755,705,50,440,603,421,393
